100
100.0
23.352546813035968
100.0
100.0
100.0
23.788775143899652
100.0
28.472372157820683
30.898962103150044
114.64067514605017
66.89625205719467
24.850135817610063
100.0
20.964482729360665
100.0
24.586858705740184
100.0
45.556143418561305
100.0
100.0
100.0
20.60105339377174
16.942155580992598
86.36835712579108
18.834556556872176
104.58054630782972
118.91529984061799
100.0
100.0
52.16690552020285
119.466765316837
104.58054630782972
78.73210028284582
100.0
124.78433719670835
104.58054630782972
92.81197073935982
87.42267338630425
37.98018143986541
100.0
119.84642004143926
108.88573562840402
100.0
100.0
21.891930081458465
100.0
96.34436959268234
104.58054630782972
100.0
89.8504635142899
100.0
104.58054630782972
83.88159543448064
100.0
22.230665274489866
107.18272508654356
104.58054630782972
100.0
107.92211404729689
104.58054630782972
80.98639249676108
100.1463274915945
100.0
104.58054630782972
99.2297254234829
32.17382018949668
67.88097758396177
104.58054630782972
100.0
29.469287441386204
100.0
99.2297254234829
115.49467246811972
99.2297254234829
27.25672393891808
100.0
19.961850038230157
53.076123699347136
104.58054630782972
49.48410261525352
100.0
104.58054630782972
103.90243912897995
100.0
86.72675368312348
88.34023055388107
100.0
94.90928282883186
69.65437497255363
86.03505093778905
100.0
124.78433719670835
100.0
66.09499054450735
100.0
34.53076868362186
100.0
100.0
27.35018440340991
104.58054630782972
23.312036128406167
86.03505093778905
90.31638145899974
104.58054630782972
90.31638145899974
