100.0
100.0
100.0
100.0
100.0
136.01147450066355
135.23653474348745
100.0
136.01147450066355
100.0
108.04790153740227
100.0
100.0
100.0
100.0
100.0
100.0
100.0
100.0
100.0
100.0
100.0
100.0
136.01147450066355
164.2798399699931
100.0
100.0
100.0
100.0
100.0
102.90302257246265
136.01147450066355
136.01147450066355
143.56664697224934
136.01147450066355
100.0
100.0
136.19695611402759
124.92158943218317
140.25027835325258
136.01147450066355
136.01147450066355
100.0
136.01147450066355
100.0
100.0
100.0
100.0
100.0
100.0
100.0
139.2589393450292
100.0
129.71755171937662
100.0
100.0
138.5995720450005
100.0
100.0
145.42984535257142
114.22863718536044
144.59149259183505
140.89776275043337
68.2602192954025
108.5207189703655
100.0
100.0
138.07602849942825
136.14075024526184
137.13174785259812
100.0
114.61189013321435
136.01147450066355
136.71337477174106
138.04631148566045
100.0
100.0
141.23371918648473
136.01147450066355
100.0
136.14075024526184
123.17283829211846
133.2894302580004
100.0
126.55885956088105
100.0
118.00554008800052
144.53215165545325
100.0
100.0
100.0
100.0
100.0
100.0
100.0
100.0
100.0
100.0
100.0
100.0
100.0
100.0
100.0
100.0
100.0
100.0
100.0
100.0
100.0
100.0
100.0
100.0
100.0
100.0
100.0
100.0
100.0
157.46657052106397
143.858718623722
137.5382883239451
138.07602849942825
136.01147450066355
131.07579307149712
139.54031531255634
137.6746156239405
116.64354588271729
[111.44623]
145.51496509549614
144.2385710713495
147.63407658919047
151.1560709222897
137.22140128293873
139.1565789672318
144.2385710713495
147.68371297999812
149.47729659468067
147.28923908388356
147.34572974204914
147.24226743166872
144.2385710713495
147.18366211967978
146.53158041431402
151.1560709222897
144.2385710713495
144.2385710713495
100.0
143.28488865643104
148.89667712473764
150.39706284456764
145.73887944577368
103.66007049853458
138.40658189477824
146.00527473936955
145.71109242111967
145.42660780196786
144.69310719087008
