168.44004610316418
100.0
100.0
169.34201477136858
123.77615791244548
119.12702585674481
140.32838161243893
171.82214766427705
142.6766983640649
100.0
137.85808922059172
100.0
166.0575609963124
100.0
154.3864208116227
184.1181011376059
171.30533096222683
173.28317196865524
121.16270054551379
141.9517975736368
166.0792096016455
167.6222889888249
161.17521925920656
186.44620488852271
176.9159736819915
119.12702585674481
141.62664621019138
155.28420262094923
134.48769530503515
183.39165204830303
102.09395384052048
145.9693534212287
186.42082950919837
161.3799465464835
145.5695268698947
160.72329576962943
100.0
171.6048787517545
119.12702585674481
166.76395763611663
144.4129170277885
168.96057083304277
167.8418639041131
150.46908219772075
119.12702585674481
186.4169685894488
168.91840749470373
100.0
159.3209852486459
119.12702585674481
132.92766382530343
180.1606992914984
176.1846517363925
162.55900373347438
168.01654285012643
192.84567486822
145.7029660679579
152.50952616982696
144.4129170277885
