146.70229625808443
146.70229625808443
158.36140558718404
100.0
100.0
100.0
169.97040621556096
100.0
100.0
100.0
146.70229625808443
146.70229625808443
146.70229625808443
166.50869012651793
146.70229625808443
158.0271672475391
146.70229625808443
100.0
146.70229625808443
146.70229625808443
146.70229625808443
146.70229625808443
146.70229625808443
166.50869012651793
146.70229625808443
146.70229625808443
146.70229625808443
146.70229625808443
146.70229625808443
146.70229625808443
146.70229625808443
146.70229625808443
146.70229625808443
146.70229625808443
146.70229625808443
100.0
148.61386265483358
